0.4419724941253662 212 [0, 3, 4, 2, 8, 7, 6, 9, 1, 5, 0]
0.40535879135131836 212 [0, 3, 4, 2, 8, 7, 6, 9, 1, 5, 0]
0.4812455177307129 212 [0, 3, 4, 2, 8, 7, 6, 9, 1, 5, 0]
0.46482324600219727 212 [0, 3, 4, 2, 8, 7, 6, 9, 1, 5, 0]
0.5196096897125244 212 [0, 3, 4, 2, 8, 7, 6, 9, 1, 5, 0]
0.43284177780151367 212 [0, 3, 4, 2, 8, 7, 6, 9, 1, 5, 0]
0.3889913558959961 212 [0, 3, 4, 2, 8, 7, 6, 9, 1, 5, 0]
0.3790009021759033 212 [0, 3, 4, 2, 8, 7, 6, 9, 1, 5, 0]
0.5774946212768555 212 [0, 3, 4, 2, 8, 7, 6, 9, 1, 5, 0]
0.5345559120178223 212 [0, 3, 4, 2, 8, 7, 6, 9, 1, 5, 0]
Usredniony wynik pomiaru dla 10 instancji: 0.4628057241439819