61.22126603126526 264 [0, 1, 8, 4, 6, 2, 11, 9, 7, 5, 3, 10, 0]
59.75202560424805 264 [0, 1, 8, 4, 6, 2, 11, 9, 7, 5, 3, 10, 0]
59.86834764480591 264 [0, 1, 8, 4, 6, 2, 11, 9, 7, 5, 3, 10, 0]
58.04347205162048 264 [0, 1, 8, 4, 6, 2, 11, 9, 7, 5, 3, 10, 0]
57.24242615699768 264 [0, 1, 8, 4, 6, 2, 11, 9, 7, 5, 3, 10, 0]
54.628796100616455 264 [0, 1, 8, 4, 6, 2, 11, 9, 7, 5, 3, 10, 0]
55.06910514831543 264 [0, 1, 8, 4, 6, 2, 11, 9, 7, 5, 3, 10, 0]
55.40946364402771 264 [0, 1, 8, 4, 6, 2, 11, 9, 7, 5, 3, 10, 0]
54.34943103790283 264 [0, 1, 8, 4, 6, 2, 11, 9, 7, 5, 3, 10, 0]
55.59876585006714 264 [0, 1, 8, 4, 6, 2, 11, 9, 7, 5, 3, 10, 0]
Usredniony wynik pomiaru dla 10 instancji: 57.11830993
