0.0 80 [0, 5, 1, 2, 3, 4, 0]
0.0 80 [0, 5, 1, 2, 3, 4, 0]
0.0 80 [0, 5, 1, 2, 3, 4, 0]
0.0 80 [0, 5, 1, 2, 3, 4, 0]
0.0 80 [0, 5, 1, 2, 3, 4, 0]
0.0 80 [0, 5, 1, 2, 3, 4, 0]
0.0 80 [0, 5, 1, 2, 3, 4, 0]
0.0 80 [0, 5, 1, 2, 3, 4, 0]
0.0 80 [0, 5, 1, 2, 3, 4, 0]
0.0 80 [0, 5, 1, 2, 3, 4, 0]
0.0 80 [0, 5, 1, 2, 3, 4, 0]
0.0 80 [0, 5, 1, 2, 3, 4, 0]
0.0 80 [0, 5, 1, 2, 3, 4, 0]
0.0 80 [0, 5, 1, 2, 3, 4, 0]
0.000997304916381836 80 [0, 5, 1, 2, 3, 4, 0]
0.0 80 [0, 5, 1, 2, 3, 4, 0]
0.0 80 [0, 5, 1, 2, 3, 4, 0]
0.0 80 [0, 5, 1, 2, 3, 4, 0]
0.0 80 [0, 5, 1, 2, 3, 4, 0]
0.0 80 [0, 5, 1, 2, 3, 4, 0]
0.0 80 [0, 5, 1, 2, 3, 4, 0]
0.0009968280792236328 80 [0, 5, 1, 2, 3, 4, 0]
0.0 80 [0, 5, 1, 2, 3, 4, 0]
0.0 80 [0, 5, 1, 2, 3, 4, 0]
0.0 80 [0, 5, 1, 2, 3, 4, 0]
0.0009975433349609375 80 [0, 5, 1, 2, 3, 4, 0]
0.0 80 [0, 5, 1, 2, 3, 4, 0]
0.0 80 [0, 5, 1, 2, 3, 4, 0]
0.0 80 [0, 5, 1, 2, 3, 4, 0]
0.0009980201721191406 80 [0, 5, 1, 2, 3, 4, 0]
0.0 80 [0, 5, 1, 2, 3, 4, 0]
0.0 80 [0, 5, 1, 2, 3, 4, 0]
0.0 80 [0, 5, 1, 2, 3, 4, 0]
0.0009965896606445312 80 [0, 5, 1, 2, 3, 4, 0]
0.0 80 [0, 5, 1, 2, 3, 4, 0]
0.0 80 [0, 5, 1, 2, 3, 4, 0]
0.0 80 [0, 5, 1, 2, 3, 4, 0]
0.0009980201721191406 80 [0, 5, 1, 2, 3, 4, 0]
0.0 80 [0, 5, 1, 2, 3, 4, 0]
0.0 80 [0, 5, 1, 2, 3, 4, 0]
0.0 80 [0, 5, 1, 2, 3, 4, 0]
0.0009965896606445312 80 [0, 5, 1, 2, 3, 4, 0]
0.0 80 [0, 5, 1, 2, 3, 4, 0]
0.0 80 [0, 5, 1, 2, 3, 4, 0]
0.0 80 [0, 5, 1, 2, 3, 4, 0]
0.000997304916381836 80 [0, 5, 1, 2, 3, 4, 0]
0.0 80 [0, 5, 1, 2, 3, 4, 0]
0.0 80 [0, 5, 1, 2, 3, 4, 0]
0.0 80 [0, 5, 1, 2, 3, 4, 0]
0.0 80 [0, 5, 1, 2, 3, 4, 0]
0.0 80 [0, 5, 1, 2, 3, 4, 0]
0.0 80 [0, 5, 1, 2, 3, 4, 0]
0.0 80 [0, 5, 1, 2, 3, 4, 0]
0.0 80 [0, 5, 1, 2, 3, 4, 0]
0.000997304916381836 80 [0, 5, 1, 2, 3, 4, 0]
0.0 80 [0, 5, 1, 2, 3, 4, 0]
0.0 80 [0, 5, 1, 2, 3, 4, 0]
0.0 80 [0, 5, 1, 2, 3, 4, 0]
0.0009975433349609375 80 [0, 5, 1, 2, 3, 4, 0]
0.0 80 [0, 5, 1, 2, 3, 4, 0]
0.0 80 [0, 5, 1, 2, 3, 4, 0]
0.0 80 [0, 5, 1, 2, 3, 4, 0]
0.000997304916381836 80 [0, 5, 1, 2, 3, 4, 0]
0.0 80 [0, 5, 1, 2, 3, 4, 0]
0.0 80 [0, 5, 1, 2, 3, 4, 0]
0.0 80 [0, 5, 1, 2, 3, 4, 0]
0.0009970664978027344 80 [0, 5, 1, 2, 3, 4, 0]
0.0 80 [0, 5, 1, 2, 3, 4, 0]
0.0 80 [0, 5, 1, 2, 3, 4, 0]
0.0 80 [0, 5, 1, 2, 3, 4, 0]
0.0009989738464355469 80 [0, 5, 1, 2, 3, 4, 0]
0.0 80 [0, 5, 1, 2, 3, 4, 0]
0.0 80 [0, 5, 1, 2, 3, 4, 0]
0.0009963512420654297 80 [0, 5, 1, 2, 3, 4, 0]
0.0 80 [0, 5, 1, 2, 3, 4, 0]
0.0 80 [0, 5, 1, 2, 3, 4, 0]
0.0009984970092773438 80 [0, 5, 1, 2, 3, 4, 0]
0.0 80 [0, 5, 1, 2, 3, 4, 0]
0.0 80 [0, 5, 1, 2, 3, 4, 0]
0.0 80 [0, 5, 1, 2, 3, 4, 0]
0.0 80 [0, 5, 1, 2, 3, 4, 0]
0.0 80 [0, 5, 1, 2, 3, 4, 0]
0.0 80 [0, 5, 1, 2, 3, 4, 0]
0.0010001659393310547 80 [0, 5, 1, 2, 3, 4, 0]
0.0 80 [0, 5, 1, 2, 3, 4, 0]
0.0 80 [0, 5, 1, 2, 3, 4, 0]
0.000993490219116211 80 [0, 5, 1, 2, 3, 4, 0]
0.0 80 [0, 5, 1, 2, 3, 4, 0]
0.0 80 [0, 5, 1, 2, 3, 4, 0]
0.0009970664978027344 80 [0, 5, 1, 2, 3, 4, 0]
0.0 80 [0, 5, 1, 2, 3, 4, 0]
0.0 80 [0, 5, 1, 2, 3, 4, 0]
0.0009999275207519531 80 [0, 5, 1, 2, 3, 4, 0]
0.0 80 [0, 5, 1, 2, 3, 4, 0]
0.0 80 [0, 5, 1, 2, 3, 4, 0]
0.0009965896606445312 80 [0, 5, 1, 2, 3, 4, 0]
0.0 80 [0, 5, 1, 2, 3, 4, 0]
0.0 80 [0, 5, 1, 2, 3, 4, 0]
0.0 80 [0, 5, 1, 2, 3, 4, 0]
0.0009953975677490234 80 [0, 5, 1, 2, 3, 4, 0]
0.0 80 [0, 5, 1, 2, 3, 4, 0]
0.0 80 [0, 5, 1, 2, 3, 4, 0]
0.0 80 [0, 5, 1, 2, 3, 4, 0]
0.0009970664978027344 80 [0, 5, 1, 2, 3, 4, 0]
0.0 80 [0, 5, 1, 2, 3, 4, 0]
0.0 80 [0, 5, 1, 2, 3, 4, 0]
0.0 80 [0, 5, 1, 2, 3, 4, 0]
0.000997304916381836 80 [0, 5, 1, 2, 3, 4, 0]
0.0 80 [0, 5, 1, 2, 3, 4, 0]
0.0 80 [0, 5, 1, 2, 3, 4, 0]
0.0 80 [0, 5, 1, 2, 3, 4, 0]
0.0009970664978027344 80 [0, 5, 1, 2, 3, 4, 0]
0.0 80 [0, 5, 1, 2, 3, 4, 0]
0.0 80 [0, 5, 1, 2, 3, 4, 0]
0.0 80 [0, 5, 1, 2, 3, 4, 0]
0.000997304916381836 80 [0, 5, 1, 2, 3, 4, 0]
0.0 80 [0, 5, 1, 2, 3, 4, 0]
0.0 80 [0, 5, 1, 2, 3, 4, 0]
0.0 80 [0, 5, 1, 2, 3, 4, 0]
0.000997304916381836 80 [0, 5, 1, 2, 3, 4, 0]
0.0 80 [0, 5, 1, 2, 3, 4, 0]
0.0 80 [0, 5, 1, 2, 3, 4, 0]
0.0 80 [0, 5, 1, 2, 3, 4, 0]
0.0009975433349609375 80 [0, 5, 1, 2, 3, 4, 0]
0.0 80 [0, 5, 1, 2, 3, 4, 0]
0.0 80 [0, 5, 1, 2, 3, 4, 0]
0.0 80 [0, 5, 1, 2, 3, 4, 0]
0.0009970664978027344 80 [0, 5, 1, 2, 3, 4, 0]
0.0 80 [0, 5, 1, 2, 3, 4, 0]
0.0 80 [0, 5, 1, 2, 3, 4, 0]
0.0 80 [0, 5, 1, 2, 3, 4, 0]
0.0 80 [0, 5, 1, 2, 3, 4, 0]
0.0 80 [0, 5, 1, 2, 3, 4, 0]
0.0009987354278564453 80 [0, 5, 1, 2, 3, 4, 0]
0.0 80 [0, 5, 1, 2, 3, 4, 0]
0.0 80 [0, 5, 1, 2, 3, 4, 0]
0.000997304916381836 80 [0, 5, 1, 2, 3, 4, 0]
0.0 80 [0, 5, 1, 2, 3, 4, 0]
0.0 80 [0, 5, 1, 2, 3, 4, 0]
0.0 80 [0, 5, 1, 2, 3, 4, 0]
0.0 80 [0, 5, 1, 2, 3, 4, 0]
0.0 80 [0, 5, 1, 2, 3, 4, 0]
0.0009982585906982422 80 [0, 5, 1, 2, 3, 4, 0]
0.0 80 [0, 5, 1, 2, 3, 4, 0]
0.0 80 [0, 5, 1, 2, 3, 4, 0]
0.0 80 [0, 5, 1, 2, 3, 4, 0]
0.0 80 [0, 5, 1, 2, 3, 4, 0]
0.0 80 [0, 5, 1, 2, 3, 4, 0]
0.0 80 [0, 5, 1, 2, 3, 4, 0]
0.0 80 [0, 5, 1, 2, 3, 4, 0]
0.0 80 [0, 5, 1, 2, 3, 4, 0]
0.0 80 [0, 5, 1, 2, 3, 4, 0]
0.0 80 [0, 5, 1, 2, 3, 4, 0]
0.0 80 [0, 5, 1, 2, 3, 4, 0]
0.0 80 [0, 5, 1, 2, 3, 4, 0]
0.0 80 [0, 5, 1, 2, 3, 4, 0]
0.0009968280792236328 80 [0, 5, 1, 2, 3, 4, 0]
0.0 80 [0, 5, 1, 2, 3, 4, 0]
0.0 80 [0, 5, 1, 2, 3, 4, 0]
0.0 80 [0, 5, 1, 2, 3, 4, 0]
0.0 80 [0, 5, 1, 2, 3, 4, 0]
0.0 80 [0, 5, 1, 2, 3, 4, 0]
0.0 80 [0, 5, 1, 2, 3, 4, 0]
0.0 80 [0, 5, 1, 2, 3, 4, 0]
0.0 80 [0, 5, 1, 2, 3, 4, 0]
0.0 80 [0, 5, 1, 2, 3, 4, 0]
0.0 80 [0, 5, 1, 2, 3, 4, 0]
0.0 80 [0, 5, 1, 2, 3, 4, 0]
0.0 80 [0, 5, 1, 2, 3, 4, 0]
0.0 80 [0, 5, 1, 2, 3, 4, 0]
0.0 80 [0, 5, 1, 2, 3, 4, 0]
0.0 80 [0, 5, 1, 2, 3, 4, 0]
0.0 80 [0, 5, 1, 2, 3, 4, 0]
0.0 80 [0, 5, 1, 2, 3, 4, 0]
0.0 80 [0, 5, 1, 2, 3, 4, 0]
0.0 80 [0, 5, 1, 2, 3, 4, 0]
0.0 80 [0, 5, 1, 2, 3, 4, 0]
0.0 80 [0, 5, 1, 2, 3, 4, 0]
0.0 80 [0, 5, 1, 2, 3, 4, 0]
0.0 80 [0, 5, 1, 2, 3, 4, 0]
0.0 80 [0, 5, 1, 2, 3, 4, 0]
0.0009968280792236328 80 [0, 5, 1, 2, 3, 4, 0]
0.0 80 [0, 5, 1, 2, 3, 4, 0]
0.0 80 [0, 5, 1, 2, 3, 4, 0]
0.0 80 [0, 5, 1, 2, 3, 4, 0]
0.0009970664978027344 80 [0, 5, 1, 2, 3, 4, 0]
0.0 80 [0, 5, 1, 2, 3, 4, 0]
0.0 80 [0, 5, 1, 2, 3, 4, 0]
0.0 80 [0, 5, 1, 2, 3, 4, 0]
0.000997781753540039 80 [0, 5, 1, 2, 3, 4, 0]
0.0 80 [0, 5, 1, 2, 3, 4, 0]
0.0 80 [0, 5, 1, 2, 3, 4, 0]
0.0009975433349609375 80 [0, 5, 1, 2, 3, 4, 0]
0.0 80 [0, 5, 1, 2, 3, 4, 0]
0.0 80 [0, 5, 1, 2, 3, 4, 0]
0.0 80 [0, 5, 1, 2, 3, 4, 0]
0.0 80 [0, 5, 1, 2, 3, 4, 0]
0.0009963512420654297 80 [0, 5, 1, 2, 3, 4, 0]
0.0 80 [0, 5, 1, 2, 3, 4, 0]
0.0 80 [0, 5, 1, 2, 3, 4, 0]
0.0 80 [0, 5, 1, 2, 3, 4, 0]
0.0 80 [0, 5, 1, 2, 3, 4, 0]
0.0 80 [0, 5, 1, 2, 3, 4, 0]
0.0 80 [0, 5, 1, 2, 3, 4, 0]
0.0 80 [0, 5, 1, 2, 3, 4, 0]
0.0 80 [0, 5, 1, 2, 3, 4, 0]
0.0 80 [0, 5, 1, 2, 3, 4, 0]
0.0 80 [0, 5, 1, 2, 3, 4, 0]
0.0 80 [0, 5, 1, 2, 3, 4, 0]
0.0 80 [0, 5, 1, 2, 3, 4, 0]
0.0 80 [0, 5, 1, 2, 3, 4, 0]
0.0 80 [0, 5, 1, 2, 3, 4, 0]
0.0 80 [0, 5, 1, 2, 3, 4, 0]
0.0 80 [0, 5, 1, 2, 3, 4, 0]
0.0 80 [0, 5, 1, 2, 3, 4, 0]
0.0 80 [0, 5, 1, 2, 3, 4, 0]
0.0 80 [0, 5, 1, 2, 3, 4, 0]
0.0 80 [0, 5, 1, 2, 3, 4, 0]
0.0 80 [0, 5, 1, 2, 3, 4, 0]
0.0 80 [0, 5, 1, 2, 3, 4, 0]
0.0 80 [0, 5, 1, 2, 3, 4, 0]
0.0 80 [0, 5, 1, 2, 3, 4, 0]
0.0 80 [0, 5, 1, 2, 3, 4, 0]
0.0 80 [0, 5, 1, 2, 3, 4, 0]
0.0 80 [0, 5, 1, 2, 3, 4, 0]
0.0 80 [0, 5, 1, 2, 3, 4, 0]
0.0 80 [0, 5, 1, 2, 3, 4, 0]
0.0 80 [0, 5, 1, 2, 3, 4, 0]
0.0 80 [0, 5, 1, 2, 3, 4, 0]
0.0 80 [0, 5, 1, 2, 3, 4, 0]
0.0 80 [0, 5, 1, 2, 3, 4, 0]
0.0 80 [0, 5, 1, 2, 3, 4, 0]
0.0 80 [0, 5, 1, 2, 3, 4, 0]
0.000997304916381836 80 [0, 5, 1, 2, 3, 4, 0]
0.0 80 [0, 5, 1, 2, 3, 4, 0]
0.0 80 [0, 5, 1, 2, 3, 4, 0]
0.0 80 [0, 5, 1, 2, 3, 4, 0]
0.0009968280792236328 80 [0, 5, 1, 2, 3, 4, 0]
0.0 80 [0, 5, 1, 2, 3, 4, 0]
0.0 80 [0, 5, 1, 2, 3, 4, 0]
0.0 80 [0, 5, 1, 2, 3, 4, 0]
0.0 80 [0, 5, 1, 2, 3, 4, 0]
0.0 80 [0, 5, 1, 2, 3, 4, 0]
0.0 80 [0, 5, 1, 2, 3, 4, 0]
0.0 80 [0, 5, 1, 2, 3, 4, 0]
0.0 80 [0, 5, 1, 2, 3, 4, 0]
0.0 80 [0, 5, 1, 2, 3, 4, 0]
0.0 80 [0, 5, 1, 2, 3, 4, 0]
0.0 80 [0, 5, 1, 2, 3, 4, 0]
0.0 80 [0, 5, 1, 2, 3, 4, 0]
0.0 80 [0, 5, 1, 2, 3, 4, 0]
0.0 80 [0, 5, 1, 2, 3, 4, 0]
0.0 80 [0, 5, 1, 2, 3, 4, 0]
0.0 80 [0, 5, 1, 2, 3, 4, 0]
0.0 80 [0, 5, 1, 2, 3, 4, 0]
0.0009965896606445312 80 [0, 5, 1, 2, 3, 4, 0]
0.0 80 [0, 5, 1, 2, 3, 4, 0]
0.0 80 [0, 5, 1, 2, 3, 4, 0]
0.0009980201721191406 80 [0, 5, 1, 2, 3, 4, 0]
0.0 80 [0, 5, 1, 2, 3, 4, 0]
0.0 80 [0, 5, 1, 2, 3, 4, 0]
0.0 80 [0, 5, 1, 2, 3, 4, 0]
0.0009989738464355469 80 [0, 5, 1, 2, 3, 4, 0]
0.0 80 [0, 5, 1, 2, 3, 4, 0]
0.0 80 [0, 5, 1, 2, 3, 4, 0]
0.0009951591491699219 80 [0, 5, 1, 2, 3, 4, 0]
0.0 80 [0, 5, 1, 2, 3, 4, 0]
0.0 80 [0, 5, 1, 2, 3, 4, 0]
0.0 80 [0, 5, 1, 2, 3, 4, 0]
0.0 80 [0, 5, 1, 2, 3, 4, 0]
0.0 80 [0, 5, 1, 2, 3, 4, 0]
0.0 80 [0, 5, 1, 2, 3, 4, 0]
0.0 80 [0, 5, 1, 2, 3, 4, 0]
0.0 80 [0, 5, 1, 2, 3, 4, 0]
0.0 80 [0, 5, 1, 2, 3, 4, 0]
0.0 80 [0, 5, 1, 2, 3, 4, 0]
0.0009968280792236328 80 [0, 5, 1, 2, 3, 4, 0]
0.0 80 [0, 5, 1, 2, 3, 4, 0]
0.0 80 [0, 5, 1, 2, 3, 4, 0]
0.0 80 [0, 5, 1, 2, 3, 4, 0]
0.0 80 [0, 5, 1, 2, 3, 4, 0]
0.0 80 [0, 5, 1, 2, 3, 4, 0]
0.0 80 [0, 5, 1, 2, 3, 4, 0]
0.000997304916381836 80 [0, 5, 1, 2, 3, 4, 0]
0.0 80 [0, 5, 1, 2, 3, 4, 0]
0.0 80 [0, 5, 1, 2, 3, 4, 0]
0.0 80 [0, 5, 1, 2, 3, 4, 0]
0.0 80 [0, 5, 1, 2, 3, 4, 0]
0.0 80 [0, 5, 1, 2, 3, 4, 0]
0.0 80 [0, 5, 1, 2, 3, 4, 0]
0.0 80 [0, 5, 1, 2, 3, 4, 0]
0.0 80 [0, 5, 1, 2, 3, 4, 0]
0.0 80 [0, 5, 1, 2, 3, 4, 0]
0.0 80 [0, 5, 1, 2, 3, 4, 0]
0.0 80 [0, 5, 1, 2, 3, 4, 0]
0.0009982585906982422 80 [0, 5, 1, 2, 3, 4, 0]
0.0 80 [0, 5, 1, 2, 3, 4, 0]
0.0 80 [0, 5, 1, 2, 3, 4, 0]
0.0 80 [0, 5, 1, 2, 3, 4, 0]
0.0 80 [0, 5, 1, 2, 3, 4, 0]
0.0 80 [0, 5, 1, 2, 3, 4, 0]
0.0 80 [0, 5, 1, 2, 3, 4, 0]
0.0 80 [0, 5, 1, 2, 3, 4, 0]
0.000997304916381836 80 [0, 5, 1, 2, 3, 4, 0]
0.0 80 [0, 5, 1, 2, 3, 4, 0]
0.0 80 [0, 5, 1, 2, 3, 4, 0]
0.0 80 [0, 5, 1, 2, 3, 4, 0]
0.0 80 [0, 5, 1, 2, 3, 4, 0]
0.0 80 [0, 5, 1, 2, 3, 4, 0]
0.0 80 [0, 5, 1, 2, 3, 4, 0]
0.0 80 [0, 5, 1, 2, 3, 4, 0]
0.0009965896606445312 80 [0, 5, 1, 2, 3, 4, 0]
0.0 80 [0, 5, 1, 2, 3, 4, 0]
0.0009984970092773438 80 [0, 5, 1, 2, 3, 4, 0]
0.0 80 [0, 5, 1, 2, 3, 4, 0]
0.0009987354278564453 80 [0, 5, 1, 2, 3, 4, 0]
0.0 80 [0, 5, 1, 2, 3, 4, 0]
0.0 80 [0, 5, 1, 2, 3, 4, 0]
0.0 80 [0, 5, 1, 2, 3, 4, 0]
0.0 80 [0, 5, 1, 2, 3, 4, 0]
0.0 80 [0, 5, 1, 2, 3, 4, 0]
0.0 80 [0, 5, 1, 2, 3, 4, 0]
0.0 80 [0, 5, 1, 2, 3, 4, 0]
0.0 80 [0, 5, 1, 2, 3, 4, 0]
0.0 80 [0, 5, 1, 2, 3, 4, 0]
0.0 80 [0, 5, 1, 2, 3, 4, 0]
0.0 80 [0, 5, 1, 2, 3, 4, 0]
0.0 80 [0, 5, 1, 2, 3, 4, 0]
0.0 80 [0, 5, 1, 2, 3, 4, 0]
0.0 80 [0, 5, 1, 2, 3, 4, 0]
0.0 80 [0, 5, 1, 2, 3, 4, 0]
0.0 80 [0, 5, 1, 2, 3, 4, 0]
0.0 80 [0, 5, 1, 2, 3, 4, 0]
0.0 80 [0, 5, 1, 2, 3, 4, 0]
0.0 80 [0, 5, 1, 2, 3, 4, 0]
0.0 80 [0, 5, 1, 2, 3, 4, 0]
0.0 80 [0, 5, 1, 2, 3, 4, 0]
0.0 80 [0, 5, 1, 2, 3, 4, 0]
0.000997781753540039 80 [0, 5, 1, 2, 3, 4, 0]
0.0 80 [0, 5, 1, 2, 3, 4, 0]
0.0 80 [0, 5, 1, 2, 3, 4, 0]
0.0 80 [0, 5, 1, 2, 3, 4, 0]
0.0 80 [0, 5, 1, 2, 3, 4, 0]
0.0 80 [0, 5, 1, 2, 3, 4, 0]
0.0 80 [0, 5, 1, 2, 3, 4, 0]
0.0 80 [0, 5, 1, 2, 3, 4, 0]
0.0 80 [0, 5, 1, 2, 3, 4, 0]
0.0009968280792236328 80 [0, 5, 1, 2, 3, 4, 0]
0.0 80 [0, 5, 1, 2, 3, 4, 0]
0.0 80 [0, 5, 1, 2, 3, 4, 0]
0.0 80 [0, 5, 1, 2, 3, 4, 0]
0.000997304916381836 80 [0, 5, 1, 2, 3, 4, 0]
0.0 80 [0, 5, 1, 2, 3, 4, 0]
0.0 80 [0, 5, 1, 2, 3, 4, 0]
0.0 80 [0, 5, 1, 2, 3, 4, 0]
0.000997304916381836 80 [0, 5, 1, 2, 3, 4, 0]
0.0 80 [0, 5, 1, 2, 3, 4, 0]
0.0 80 [0, 5, 1, 2, 3, 4, 0]
0.0 80 [0, 5, 1, 2, 3, 4, 0]
0.0 80 [0, 5, 1, 2, 3, 4, 0]
0.0 80 [0, 5, 1, 2, 3, 4, 0]
0.0 80 [0, 5, 1, 2, 3, 4, 0]
0.0 80 [0, 5, 1, 2, 3, 4, 0]
0.000997781753540039 80 [0, 5, 1, 2, 3, 4, 0]
0.0 80 [0, 5, 1, 2, 3, 4, 0]
0.0 80 [0, 5, 1, 2, 3, 4, 0]
0.0 80 [0, 5, 1, 2, 3, 4, 0]
0.0 80 [0, 5, 1, 2, 3, 4, 0]
0.0 80 [0, 5, 1, 2, 3, 4, 0]
0.0 80 [0, 5, 1, 2, 3, 4, 0]
0.0 80 [0, 5, 1, 2, 3, 4, 0]
0.000997781753540039 80 [0, 5, 1, 2, 3, 4, 0]
0.0 80 [0, 5, 1, 2, 3, 4, 0]
0.0 80 [0, 5, 1, 2, 3, 4, 0]
0.0 80 [0, 5, 1, 2, 3, 4, 0]
0.0 80 [0, 5, 1, 2, 3, 4, 0]
0.0009992122650146484 80 [0, 5, 1, 2, 3, 4, 0]
0.0 80 [0, 5, 1, 2, 3, 4, 0]
0.0 80 [0, 5, 1, 2, 3, 4, 0]
0.0 80 [0, 5, 1, 2, 3, 4, 0]
0.000997781753540039 80 [0, 5, 1, 2, 3, 4, 0]
0.0 80 [0, 5, 1, 2, 3, 4, 0]
0.0 80 [0, 5, 1, 2, 3, 4, 0]
0.000995635986328125 80 [0, 5, 1, 2, 3, 4, 0]
0.0 80 [0, 5, 1, 2, 3, 4, 0]
0.0 80 [0, 5, 1, 2, 3, 4, 0]
0.0 80 [0, 5, 1, 2, 3, 4, 0]
0.0 80 [0, 5, 1, 2, 3, 4, 0]
0.0 80 [0, 5, 1, 2, 3, 4, 0]
0.0 80 [0, 5, 1, 2, 3, 4, 0]
0.0 80 [0, 5, 1, 2, 3, 4, 0]
0.0 80 [0, 5, 1, 2, 3, 4, 0]
0.0 80 [0, 5, 1, 2, 3, 4, 0]
0.0 80 [0, 5, 1, 2, 3, 4, 0]
0.0009970664978027344 80 [0, 5, 1, 2, 3, 4, 0]
0.0 80 [0, 5, 1, 2, 3, 4, 0]
0.0 80 [0, 5, 1, 2, 3, 4, 0]
0.0 80 [0, 5, 1, 2, 3, 4, 0]
0.0009980201721191406 80 [0, 5, 1, 2, 3, 4, 0]
0.0 80 [0, 5, 1, 2, 3, 4, 0]
0.0 80 [0, 5, 1, 2, 3, 4, 0]
0.0 80 [0, 5, 1, 2, 3, 4, 0]
0.0009975433349609375 80 [0, 5, 1, 2, 3, 4, 0]
0.0 80 [0, 5, 1, 2, 3, 4, 0]
0.0 80 [0, 5, 1, 2, 3, 4, 0]
0.0 80 [0, 5, 1, 2, 3, 4, 0]
0.0 80 [0, 5, 1, 2, 3, 4, 0]
0.0 80 [0, 5, 1, 2, 3, 4, 0]
0.0 80 [0, 5, 1, 2, 3, 4, 0]
0.0 80 [0, 5, 1, 2, 3, 4, 0]
0.0009970664978027344 80 [0, 5, 1, 2, 3, 4, 0]
0.0 80 [0, 5, 1, 2, 3, 4, 0]
0.0 80 [0, 5, 1, 2, 3, 4, 0]
0.0 80 [0, 5, 1, 2, 3, 4, 0]
0.0 80 [0, 5, 1, 2, 3, 4, 0]
0.0 80 [0, 5, 1, 2, 3, 4, 0]
0.0 80 [0, 5, 1, 2, 3, 4, 0]
0.0 80 [0, 5, 1, 2, 3, 4, 0]
0.0 80 [0, 5, 1, 2, 3, 4, 0]
0.0 80 [0, 5, 1, 2, 3, 4, 0]
0.0 80 [0, 5, 1, 2, 3, 4, 0]
0.0 80 [0, 5, 1, 2, 3, 4, 0]
0.0 80 [0, 5, 1, 2, 3, 4, 0]
0.0 80 [0, 5, 1, 2, 3, 4, 0]
0.0 80 [0, 5, 1, 2, 3, 4, 0]
0.0 80 [0, 5, 1, 2, 3, 4, 0]
0.0 80 [0, 5, 1, 2, 3, 4, 0]
0.0 80 [0, 5, 1, 2, 3, 4, 0]
0.0 80 [0, 5, 1, 2, 3, 4, 0]
0.0 80 [0, 5, 1, 2, 3, 4, 0]
0.0 80 [0, 5, 1, 2, 3, 4, 0]
0.0 80 [0, 5, 1, 2, 3, 4, 0]
0.0 80 [0, 5, 1, 2, 3, 4, 0]
0.00099945068359375 80 [0, 5, 1, 2, 3, 4, 0]
0.0 80 [0, 5, 1, 2, 3, 4, 0]
0.0 80 [0, 5, 1, 2, 3, 4, 0]
0.0 80 [0, 5, 1, 2, 3, 4, 0]
0.0009968280792236328 80 [0, 5, 1, 2, 3, 4, 0]
0.0 80 [0, 5, 1, 2, 3, 4, 0]
0.0 80 [0, 5, 1, 2, 3, 4, 0]
0.0 80 [0, 5, 1, 2, 3, 4, 0]
0.0 80 [0, 5, 1, 2, 3, 4, 0]
0.000995635986328125 80 [0, 5, 1, 2, 3, 4, 0]
0.0 80 [0, 5, 1, 2, 3, 4, 0]
0.0 80 [0, 5, 1, 2, 3, 4, 0]
0.0 80 [0, 5, 1, 2, 3, 4, 0]
0.0 80 [0, 5, 1, 2, 3, 4, 0]
0.0009970664978027344 80 [0, 5, 1, 2, 3, 4, 0]
0.0 80 [0, 5, 1, 2, 3, 4, 0]
0.0009992122650146484 80 [0, 5, 1, 2, 3, 4, 0]
0.0 80 [0, 5, 1, 2, 3, 4, 0]
0.0 80 [0, 5, 1, 2, 3, 4, 0]
0.0 80 [0, 5, 1, 2, 3, 4, 0]
0.0 80 [0, 5, 1, 2, 3, 4, 0]
0.0 80 [0, 5, 1, 2, 3, 4, 0]
0.0 80 [0, 5, 1, 2, 3, 4, 0]
0.0 80 [0, 5, 1, 2, 3, 4, 0]
0.0009965896606445312 80 [0, 5, 1, 2, 3, 4, 0]
0.0 80 [0, 5, 1, 2, 3, 4, 0]
0.0 80 [0, 5, 1, 2, 3, 4, 0]
0.0009975433349609375 80 [0, 5, 1, 2, 3, 4, 0]
0.0 80 [0, 5, 1, 2, 3, 4, 0]
0.0 80 [0, 5, 1, 2, 3, 4, 0]
0.0009982585906982422 80 [0, 5, 1, 2, 3, 4, 0]
0.0 80 [0, 5, 1, 2, 3, 4, 0]
0.0 80 [0, 5, 1, 2, 3, 4, 0]
0.0009965896606445312 80 [0, 5, 1, 2, 3, 4, 0]
0.0019953250885009766 80 [0, 5, 1, 2, 3, 4, 0]
0.0009965896606445312 80 [0, 5, 1, 2, 3, 4, 0]
0.0 80 [0, 5, 1, 2, 3, 4, 0]
0.0 80 [0, 5, 1, 2, 3, 4, 0]
0.0 80 [0, 5, 1, 2, 3, 4, 0]
0.0 80 [0, 5, 1, 2, 3, 4, 0]
0.0009963512420654297 80 [0, 5, 1, 2, 3, 4, 0]
0.0 80 [0, 5, 1, 2, 3, 4, 0]
0.0 80 [0, 5, 1, 2, 3, 4, 0]
0.0 80 [0, 5, 1, 2, 3, 4, 0]
0.0 80 [0, 5, 1, 2, 3, 4, 0]
0.0 80 [0, 5, 1, 2, 3, 4, 0]
0.0 80 [0, 5, 1, 2, 3, 4, 0]
0.0 80 [0, 5, 1, 2, 3, 4, 0]
0.0 80 [0, 5, 1, 2, 3, 4, 0]
0.0 80 [0, 5, 1, 2, 3, 4, 0]
0.000995635986328125 80 [0, 5, 1, 2, 3, 4, 0]
0.0 80 [0, 5, 1, 2, 3, 4, 0]
0.0 80 [0, 5, 1, 2, 3, 4, 0]
0.000997781753540039 80 [0, 5, 1, 2, 3, 4, 0]
0.0 80 [0, 5, 1, 2, 3, 4, 0]
0.0 80 [0, 5, 1, 2, 3, 4, 0]
0.0009984970092773438 80 [0, 5, 1, 2, 3, 4, 0]
0.0 80 [0, 5, 1, 2, 3, 4, 0]
0.0009961128234863281 80 [0, 5, 1, 2, 3, 4, 0]
0.0 80 [0, 5, 1, 2, 3, 4, 0]
0.000997304916381836 80 [0, 5, 1, 2, 3, 4, 0]
0.0 80 [0, 5, 1, 2, 3, 4, 0]
0.0009975433349609375 80 [0, 5, 1, 2, 3, 4, 0]
0.0 80 [0, 5, 1, 2, 3, 4, 0]
0.0 80 [0, 5, 1, 2, 3, 4, 0]
0.0 80 [0, 5, 1, 2, 3, 4, 0]
0.0009965896606445312 80 [0, 5, 1, 2, 3, 4, 0]
0.0 80 [0, 5, 1, 2, 3, 4, 0]
0.0009992122650146484 80 [0, 5, 1, 2, 3, 4, 0]
0.0 80 [0, 5, 1, 2, 3, 4, 0]
0.0 80 [0, 5, 1, 2, 3, 4, 0]
0.0 80 [0, 5, 1, 2, 3, 4, 0]
0.0009958744049072266 80 [0, 5, 1, 2, 3, 4, 0]
0.0 80 [0, 5, 1, 2, 3, 4, 0]
0.0009970664978027344 80 [0, 5, 1, 2, 3, 4, 0]
0.0 80 [0, 5, 1, 2, 3, 4, 0]
0.0 80 [0, 5, 1, 2, 3, 4, 0]
0.0 80 [0, 5, 1, 2, 3, 4, 0]
0.0 80 [0, 5, 1, 2, 3, 4, 0]
0.0 80 [0, 5, 1, 2, 3, 4, 0]
0.0 80 [0, 5, 1, 2, 3, 4, 0]
0.000997304916381836 80 [0, 5, 1, 2, 3, 4, 0]
0.0 80 [0, 5, 1, 2, 3, 4, 0]
0.0 80 [0, 5, 1, 2, 3, 4, 0]
0.0 80 [0, 5, 1, 2, 3, 4, 0]
0.0 80 [0, 5, 1, 2, 3, 4, 0]
0.0 80 [0, 5, 1, 2, 3, 4, 0]
0.0 80 [0, 5, 1, 2, 3, 4, 0]
0.0 80 [0, 5, 1, 2, 3, 4, 0]
0.0 80 [0, 5, 1, 2, 3, 4, 0]
0.0 80 [0, 5, 1, 2, 3, 4, 0]
0.0 80 [0, 5, 1, 2, 3, 4, 0]
0.0 80 [0, 5, 1, 2, 3, 4, 0]
0.0 80 [0, 5, 1, 2, 3, 4, 0]
0.0 80 [0, 5, 1, 2, 3, 4, 0]
0.0 80 [0, 5, 1, 2, 3, 4, 0]
0.000997781753540039 80 [0, 5, 1, 2, 3, 4, 0]
0.0 80 [0, 5, 1, 2, 3, 4, 0]
0.0 80 [0, 5, 1, 2, 3, 4, 0]
0.0 80 [0, 5, 1, 2, 3, 4, 0]
0.0009970664978027344 80 [0, 5, 1, 2, 3, 4, 0]
0.0 80 [0, 5, 1, 2, 3, 4, 0]
0.0 80 [0, 5, 1, 2, 3, 4, 0]
0.0 80 [0, 5, 1, 2, 3, 4, 0]
0.0009968280792236328 80 [0, 5, 1, 2, 3, 4, 0]
0.0 80 [0, 5, 1, 2, 3, 4, 0]
0.0 80 [0, 5, 1, 2, 3, 4, 0]
0.0009984970092773438 80 [0, 5, 1, 2, 3, 4, 0]
0.0 80 [0, 5, 1, 2, 3, 4, 0]
0.0 80 [0, 5, 1, 2, 3, 4, 0]
0.0 80 [0, 5, 1, 2, 3, 4, 0]
0.0 80 [0, 5, 1, 2, 3, 4, 0]
0.0 80 [0, 5, 1, 2, 3, 4, 0]
0.0 80 [0, 5, 1, 2, 3, 4, 0]
0.0 80 [0, 5, 1, 2, 3, 4, 0]
0.0 80 [0, 5, 1, 2, 3, 4, 0]
0.0 80 [0, 5, 1, 2, 3, 4, 0]
0.0 80 [0, 5, 1, 2, 3, 4, 0]
0.0 80 [0, 5, 1, 2, 3, 4, 0]
0.0 80 [0, 5, 1, 2, 3, 4, 0]
0.0009970664978027344 80 [0, 5, 1, 2, 3, 4, 0]
0.0 80 [0, 5, 1, 2, 3, 4, 0]
0.0 80 [0, 5, 1, 2, 3, 4, 0]
0.0 80 [0, 5, 1, 2, 3, 4, 0]
0.0009989738464355469 80 [0, 5, 1, 2, 3, 4, 0]
0.0 80 [0, 5, 1, 2, 3, 4, 0]
0.0 80 [0, 5, 1, 2, 3, 4, 0]
0.0 80 [0, 5, 1, 2, 3, 4, 0]
0.0 80 [0, 5, 1, 2, 3, 4, 0]
0.0 80 [0, 5, 1, 2, 3, 4, 0]
0.0 80 [0, 5, 1, 2, 3, 4, 0]
0.0 80 [0, 5, 1, 2, 3, 4, 0]
0.0 80 [0, 5, 1, 2, 3, 4, 0]
0.0 80 [0, 5, 1, 2, 3, 4, 0]
0.0 80 [0, 5, 1, 2, 3, 4, 0]
0.0009953975677490234 80 [0, 5, 1, 2, 3, 4, 0]
0.0 80 [0, 5, 1, 2, 3, 4, 0]
0.0 80 [0, 5, 1, 2, 3, 4, 0]
0.0 80 [0, 5, 1, 2, 3, 4, 0]
0.0009975433349609375 80 [0, 5, 1, 2, 3, 4, 0]
0.0 80 [0, 5, 1, 2, 3, 4, 0]
0.0 80 [0, 5, 1, 2, 3, 4, 0]
0.0 80 [0, 5, 1, 2, 3, 4, 0]
0.0 80 [0, 5, 1, 2, 3, 4, 0]
0.0 80 [0, 5, 1, 2, 3, 4, 0]
0.0 80 [0, 5, 1, 2, 3, 4, 0]
0.0 80 [0, 5, 1, 2, 3, 4, 0]
0.0 80 [0, 5, 1, 2, 3, 4, 0]
0.0 80 [0, 5, 1, 2, 3, 4, 0]
0.0 80 [0, 5, 1, 2, 3, 4, 0]
0.0 80 [0, 5, 1, 2, 3, 4, 0]
0.0 80 [0, 5, 1, 2, 3, 4, 0]
0.0 80 [0, 5, 1, 2, 3, 4, 0]
0.0 80 [0, 5, 1, 2, 3, 4, 0]
0.0 80 [0, 5, 1, 2, 3, 4, 0]
0.0009970664978027344 80 [0, 5, 1, 2, 3, 4, 0]
0.0 80 [0, 5, 1, 2, 3, 4, 0]
0.0 80 [0, 5, 1, 2, 3, 4, 0]
0.0 80 [0, 5, 1, 2, 3, 4, 0]
0.0009975433349609375 80 [0, 5, 1, 2, 3, 4, 0]
0.0 80 [0, 5, 1, 2, 3, 4, 0]
0.0 80 [0, 5, 1, 2, 3, 4, 0]
0.0 80 [0, 5, 1, 2, 3, 4, 0]
0.0009975433349609375 80 [0, 5, 1, 2, 3, 4, 0]
0.0 80 [0, 5, 1, 2, 3, 4, 0]
0.0 80 [0, 5, 1, 2, 3, 4, 0]
0.0 80 [0, 5, 1, 2, 3, 4, 0]
0.0 80 [0, 5, 1, 2, 3, 4, 0]
0.0 80 [0, 5, 1, 2, 3, 4, 0]
0.0 80 [0, 5, 1, 2, 3, 4, 0]
0.0 80 [0, 5, 1, 2, 3, 4, 0]
0.0 80 [0, 5, 1, 2, 3, 4, 0]
0.0 80 [0, 5, 1, 2, 3, 4, 0]
0.0 80 [0, 5, 1, 2, 3, 4, 0]
0.0 80 [0, 5, 1, 2, 3, 4, 0]
0.0009968280792236328 80 [0, 5, 1, 2, 3, 4, 0]
0.0 80 [0, 5, 1, 2, 3, 4, 0]
0.0 80 [0, 5, 1, 2, 3, 4, 0]
0.0 80 [0, 5, 1, 2, 3, 4, 0]
0.0 80 [0, 5, 1, 2, 3, 4, 0]
0.0 80 [0, 5, 1, 2, 3, 4, 0]
0.0 80 [0, 5, 1, 2, 3, 4, 0]
0.0009961128234863281 80 [0, 5, 1, 2, 3, 4, 0]
0.0 80 [0, 5, 1, 2, 3, 4, 0]
0.0 80 [0, 5, 1, 2, 3, 4, 0]
0.0009987354278564453 80 [0, 5, 1, 2, 3, 4, 0]
0.0 80 [0, 5, 1, 2, 3, 4, 0]
0.0 80 [0, 5, 1, 2, 3, 4, 0]
0.0 80 [0, 5, 1, 2, 3, 4, 0]
0.0 80 [0, 5, 1, 2, 3, 4, 0]
0.0 80 [0, 5, 1, 2, 3, 4, 0]
0.0 80 [0, 5, 1, 2, 3, 4, 0]
0.0009968280792236328 80 [0, 5, 1, 2, 3, 4, 0]
0.0 80 [0, 5, 1, 2, 3, 4, 0]
0.0 80 [0, 5, 1, 2, 3, 4, 0]
0.0 80 [0, 5, 1, 2, 3, 4, 0]
0.0009968280792236328 80 [0, 5, 1, 2, 3, 4, 0]
0.0 80 [0, 5, 1, 2, 3, 4, 0]
0.0 80 [0, 5, 1, 2, 3, 4, 0]
0.0 80 [0, 5, 1, 2, 3, 4, 0]
0.000997304916381836 80 [0, 5, 1, 2, 3, 4, 0]
0.0 80 [0, 5, 1, 2, 3, 4, 0]
0.0 80 [0, 5, 1, 2, 3, 4, 0]
0.0 80 [0, 5, 1, 2, 3, 4, 0]
0.0009980201721191406 80 [0, 5, 1, 2, 3, 4, 0]
0.0 80 [0, 5, 1, 2, 3, 4, 0]
0.0 80 [0, 5, 1, 2, 3, 4, 0]
0.0 80 [0, 5, 1, 2, 3, 4, 0]
0.0 80 [0, 5, 1, 2, 3, 4, 0]
0.0 80 [0, 5, 1, 2, 3, 4, 0]
0.0 80 [0, 5, 1, 2, 3, 4, 0]
0.0 80 [0, 5, 1, 2, 3, 4, 0]
0.000997304916381836 80 [0, 5, 1, 2, 3, 4, 0]
0.0 80 [0, 5, 1, 2, 3, 4, 0]
0.0 80 [0, 5, 1, 2, 3, 4, 0]
0.0 80 [0, 5, 1, 2, 3, 4, 0]
0.0009968280792236328 80 [0, 5, 1, 2, 3, 4, 0]
0.0 80 [0, 5, 1, 2, 3, 4, 0]
0.0 80 [0, 5, 1, 2, 3, 4, 0]
0.0 80 [0, 5, 1, 2, 3, 4, 0]
0.0 80 [0, 5, 1, 2, 3, 4, 0]
0.0 80 [0, 5, 1, 2, 3, 4, 0]
0.0 80 [0, 5, 1, 2, 3, 4, 0]
0.0 80 [0, 5, 1, 2, 3, 4, 0]
0.000997781753540039 80 [0, 5, 1, 2, 3, 4, 0]
0.0 80 [0, 5, 1, 2, 3, 4, 0]
0.000997304916381836 80 [0, 5, 1, 2, 3, 4, 0]
0.0 80 [0, 5, 1, 2, 3, 4, 0]
0.0 80 [0, 5, 1, 2, 3, 4, 0]
0.0 80 [0, 5, 1, 2, 3, 4, 0]
0.0 80 [0, 5, 1, 2, 3, 4, 0]
0.0 80 [0, 5, 1, 2, 3, 4, 0]
0.0 80 [0, 5, 1, 2, 3, 4, 0]
0.0 80 [0, 5, 1, 2, 3, 4, 0]
0.0 80 [0, 5, 1, 2, 3, 4, 0]
0.0 80 [0, 5, 1, 2, 3, 4, 0]
0.0 80 [0, 5, 1, 2, 3, 4, 0]
0.0 80 [0, 5, 1, 2, 3, 4, 0]
0.0009953975677490234 80 [0, 5, 1, 2, 3, 4, 0]
0.0 80 [0, 5, 1, 2, 3, 4, 0]
0.0 80 [0, 5, 1, 2, 3, 4, 0]
0.0 80 [0, 5, 1, 2, 3, 4, 0]
0.0 80 [0, 5, 1, 2, 3, 4, 0]
0.0 80 [0, 5, 1, 2, 3, 4, 0]
0.0 80 [0, 5, 1, 2, 3, 4, 0]
0.0 80 [0, 5, 1, 2, 3, 4, 0]
0.0 80 [0, 5, 1, 2, 3, 4, 0]
0.0 80 [0, 5, 1, 2, 3, 4, 0]
0.0 80 [0, 5, 1, 2, 3, 4, 0]
0.0 80 [0, 5, 1, 2, 3, 4, 0]
0.0 80 [0, 5, 1, 2, 3, 4, 0]
0.000997304916381836 80 [0, 5, 1, 2, 3, 4, 0]
0.0 80 [0, 5, 1, 2, 3, 4, 0]
0.0 80 [0, 5, 1, 2, 3, 4, 0]
0.0 80 [0, 5, 1, 2, 3, 4, 0]
0.0 80 [0, 5, 1, 2, 3, 4, 0]
0.0 80 [0, 5, 1, 2, 3, 4, 0]
0.0 80 [0, 5, 1, 2, 3, 4, 0]
0.0 80 [0, 5, 1, 2, 3, 4, 0]
0.0 80 [0, 5, 1, 2, 3, 4, 0]
0.0 80 [0, 5, 1, 2, 3, 4, 0]
0.0 80 [0, 5, 1, 2, 3, 4, 0]
0.0 80 [0, 5, 1, 2, 3, 4, 0]
0.0 80 [0, 5, 1, 2, 3, 4, 0]
0.0 80 [0, 5, 1, 2, 3, 4, 0]
0.0009968280792236328 80 [0, 5, 1, 2, 3, 4, 0]
0.0 80 [0, 5, 1, 2, 3, 4, 0]
0.0 80 [0, 5, 1, 2, 3, 4, 0]
0.0009980201721191406 80 [0, 5, 1, 2, 3, 4, 0]
0.0 80 [0, 5, 1, 2, 3, 4, 0]
0.0 80 [0, 5, 1, 2, 3, 4, 0]
0.0 80 [0, 5, 1, 2, 3, 4, 0]
0.0 80 [0, 5, 1, 2, 3, 4, 0]
0.0 80 [0, 5, 1, 2, 3, 4, 0]
0.0 80 [0, 5, 1, 2, 3, 4, 0]
0.0009970664978027344 80 [0, 5, 1, 2, 3, 4, 0]
0.0 80 [0, 5, 1, 2, 3, 4, 0]
0.0 80 [0, 5, 1, 2, 3, 4, 0]
0.0 80 [0, 5, 1, 2, 3, 4, 0]
0.000997781753540039 80 [0, 5, 1, 2, 3, 4, 0]
0.0 80 [0, 5, 1, 2, 3, 4, 0]
0.0 80 [0, 5, 1, 2, 3, 4, 0]
0.0009980201721191406 80 [0, 5, 1, 2, 3, 4, 0]
0.0 80 [0, 5, 1, 2, 3, 4, 0]
0.0 80 [0, 5, 1, 2, 3, 4, 0]
0.0 80 [0, 5, 1, 2, 3, 4, 0]
0.0 80 [0, 5, 1, 2, 3, 4, 0]
0.0009975433349609375 80 [0, 5, 1, 2, 3, 4, 0]
0.0 80 [0, 5, 1, 2, 3, 4, 0]
0.0 80 [0, 5, 1, 2, 3, 4, 0]
0.0 80 [0, 5, 1, 2, 3, 4, 0]
0.0 80 [0, 5, 1, 2, 3, 4, 0]
0.0 80 [0, 5, 1, 2, 3, 4, 0]
0.0009965896606445312 80 [0, 5, 1, 2, 3, 4, 0]
0.0 80 [0, 5, 1, 2, 3, 4, 0]
0.0 80 [0, 5, 1, 2, 3, 4, 0]
0.0 80 [0, 5, 1, 2, 3, 4, 0]
0.0 80 [0, 5, 1, 2, 3, 4, 0]
0.0 80 [0, 5, 1, 2, 3, 4, 0]
0.0 80 [0, 5, 1, 2, 3, 4, 0]
0.000997304916381836 80 [0, 5, 1, 2, 3, 4, 0]
0.0 80 [0, 5, 1, 2, 3, 4, 0]
0.0 80 [0, 5, 1, 2, 3, 4, 0]
0.0 80 [0, 5, 1, 2, 3, 4, 0]
0.0 80 [0, 5, 1, 2, 3, 4, 0]
0.0 80 [0, 5, 1, 2, 3, 4, 0]
0.0 80 [0, 5, 1, 2, 3, 4, 0]
0.0 80 [0, 5, 1, 2, 3, 4, 0]
0.0 80 [0, 5, 1, 2, 3, 4, 0]
0.000997304916381836 80 [0, 5, 1, 2, 3, 4, 0]
0.0 80 [0, 5, 1, 2, 3, 4, 0]
0.0 80 [0, 5, 1, 2, 3, 4, 0]
0.0 80 [0, 5, 1, 2, 3, 4, 0]
0.0009965896606445312 80 [0, 5, 1, 2, 3, 4, 0]
0.0 80 [0, 5, 1, 2, 3, 4, 0]
0.0 80 [0, 5, 1, 2, 3, 4, 0]
0.0 80 [0, 5, 1, 2, 3, 4, 0]
0.0 80 [0, 5, 1, 2, 3, 4, 0]
0.0 80 [0, 5, 1, 2, 3, 4, 0]
0.000997781753540039 80 [0, 5, 1, 2, 3, 4, 0]
0.0 80 [0, 5, 1, 2, 3, 4, 0]
0.0 80 [0, 5, 1, 2, 3, 4, 0]
0.0 80 [0, 5, 1, 2, 3, 4, 0]
0.0 80 [0, 5, 1, 2, 3, 4, 0]
0.0 80 [0, 5, 1, 2, 3, 4, 0]
0.0 80 [0, 5, 1, 2, 3, 4, 0]
0.0009975433349609375 80 [0, 5, 1, 2, 3, 4, 0]
0.0 80 [0, 5, 1, 2, 3, 4, 0]
0.0 80 [0, 5, 1, 2, 3, 4, 0]
0.0 80 [0, 5, 1, 2, 3, 4, 0]
0.0 80 [0, 5, 1, 2, 3, 4, 0]
0.0 80 [0, 5, 1, 2, 3, 4, 0]
0.0 80 [0, 5, 1, 2, 3, 4, 0]
0.0009970664978027344 80 [0, 5, 1, 2, 3, 4, 0]
0.0 80 [0, 5, 1, 2, 3, 4, 0]
0.0 80 [0, 5, 1, 2, 3, 4, 0]
0.0 80 [0, 5, 1, 2, 3, 4, 0]
0.0 80 [0, 5, 1, 2, 3, 4, 0]
0.0 80 [0, 5, 1, 2, 3, 4, 0]
0.0 80 [0, 5, 1, 2, 3, 4, 0]
0.0 80 [0, 5, 1, 2, 3, 4, 0]
0.0 80 [0, 5, 1, 2, 3, 4, 0]
0.0 80 [0, 5, 1, 2, 3, 4, 0]
0.0009982585906982422 80 [0, 5, 1, 2, 3, 4, 0]
0.0 80 [0, 5, 1, 2, 3, 4, 0]
0.0 80 [0, 5, 1, 2, 3, 4, 0]
0.000995635986328125 80 [0, 5, 1, 2, 3, 4, 0]
0.0 80 [0, 5, 1, 2, 3, 4, 0]
0.0 80 [0, 5, 1, 2, 3, 4, 0]
0.0 80 [0, 5, 1, 2, 3, 4, 0]
0.0 80 [0, 5, 1, 2, 3, 4, 0]
0.0 80 [0, 5, 1, 2, 3, 4, 0]
0.0 80 [0, 5, 1, 2, 3, 4, 0]
0.0 80 [0, 5, 1, 2, 3, 4, 0]
0.0 80 [0, 5, 1, 2, 3, 4, 0]
0.0 80 [0, 5, 1, 2, 3, 4, 0]
0.0 80 [0, 5, 1, 2, 3, 4, 0]
0.0 80 [0, 5, 1, 2, 3, 4, 0]
0.0 80 [0, 5, 1, 2, 3, 4, 0]
0.0 80 [0, 5, 1, 2, 3, 4, 0]
0.0 80 [0, 5, 1, 2, 3, 4, 0]
0.0009968280792236328 80 [0, 5, 1, 2, 3, 4, 0]
0.0 80 [0, 5, 1, 2, 3, 4, 0]
0.0 80 [0, 5, 1, 2, 3, 4, 0]
0.0 80 [0, 5, 1, 2, 3, 4, 0]
0.0 80 [0, 5, 1, 2, 3, 4, 0]
0.0 80 [0, 5, 1, 2, 3, 4, 0]
0.0 80 [0, 5, 1, 2, 3, 4, 0]
0.0 80 [0, 5, 1, 2, 3, 4, 0]
0.0 80 [0, 5, 1, 2, 3, 4, 0]
0.0 80 [0, 5, 1, 2, 3, 4, 0]
0.0 80 [0, 5, 1, 2, 3, 4, 0]
0.0 80 [0, 5, 1, 2, 3, 4, 0]
0.0009968280792236328 80 [0, 5, 1, 2, 3, 4, 0]
0.0 80 [0, 5, 1, 2, 3, 4, 0]
0.0 80 [0, 5, 1, 2, 3, 4, 0]
0.0 80 [0, 5, 1, 2, 3, 4, 0]
0.000997304916381836 80 [0, 5, 1, 2, 3, 4, 0]
0.0 80 [0, 5, 1, 2, 3, 4, 0]
0.0 80 [0, 5, 1, 2, 3, 4, 0]
0.0 80 [0, 5, 1, 2, 3, 4, 0]
0.0 80 [0, 5, 1, 2, 3, 4, 0]
0.0 80 [0, 5, 1, 2, 3, 4, 0]
0.0 80 [0, 5, 1, 2, 3, 4, 0]
0.0 80 [0, 5, 1, 2, 3, 4, 0]
0.0 80 [0, 5, 1, 2, 3, 4, 0]
0.0 80 [0, 5, 1, 2, 3, 4, 0]
0.0 80 [0, 5, 1, 2, 3, 4, 0]
0.0 80 [0, 5, 1, 2, 3, 4, 0]
0.0 80 [0, 5, 1, 2, 3, 4, 0]
0.0 80 [0, 5, 1, 2, 3, 4, 0]
0.0 80 [0, 5, 1, 2, 3, 4, 0]
0.0 80 [0, 5, 1, 2, 3, 4, 0]
0.0 80 [0, 5, 1, 2, 3, 4, 0]
0.0 80 [0, 5, 1, 2, 3, 4, 0]
0.0 80 [0, 5, 1, 2, 3, 4, 0]
0.0 80 [0, 5, 1, 2, 3, 4, 0]
0.0 80 [0, 5, 1, 2, 3, 4, 0]
0.0 80 [0, 5, 1, 2, 3, 4, 0]
0.0 80 [0, 5, 1, 2, 3, 4, 0]
0.0 80 [0, 5, 1, 2, 3, 4, 0]
0.0 80 [0, 5, 1, 2, 3, 4, 0]
0.0 80 [0, 5, 1, 2, 3, 4, 0]
0.0009982585906982422 80 [0, 5, 1, 2, 3, 4, 0]
0.0 80 [0, 5, 1, 2, 3, 4, 0]
0.0 80 [0, 5, 1, 2, 3, 4, 0]
0.0009968280792236328 80 [0, 5, 1, 2, 3, 4, 0]
0.0 80 [0, 5, 1, 2, 3, 4, 0]
0.0 80 [0, 5, 1, 2, 3, 4, 0]
0.0 80 [0, 5, 1, 2, 3, 4, 0]
0.0 80 [0, 5, 1, 2, 3, 4, 0]
0.0 80 [0, 5, 1, 2, 3, 4, 0]
0.0009975433349609375 80 [0, 5, 1, 2, 3, 4, 0]
0.0 80 [0, 5, 1, 2, 3, 4, 0]
0.0 80 [0, 5, 1, 2, 3, 4, 0]
0.0009968280792236328 80 [0, 5, 1, 2, 3, 4, 0]
0.0 80 [0, 5, 1, 2, 3, 4, 0]
0.0 80 [0, 5, 1, 2, 3, 4, 0]
0.0 80 [0, 5, 1, 2, 3, 4, 0]
0.0 80 [0, 5, 1, 2, 3, 4, 0]
0.0 80 [0, 5, 1, 2, 3, 4, 0]
0.0 80 [0, 5, 1, 2, 3, 4, 0]
0.0 80 [0, 5, 1, 2, 3, 4, 0]
0.0009968280792236328 80 [0, 5, 1, 2, 3, 4, 0]
0.0 80 [0, 5, 1, 2, 3, 4, 0]
0.0 80 [0, 5, 1, 2, 3, 4, 0]
0.0 80 [0, 5, 1, 2, 3, 4, 0]
0.000997781753540039 80 [0, 5, 1, 2, 3, 4, 0]
0.0 80 [0, 5, 1, 2, 3, 4, 0]
0.0 80 [0, 5, 1, 2, 3, 4, 0]
0.0 80 [0, 5, 1, 2, 3, 4, 0]
0.0009965896606445312 80 [0, 5, 1, 2, 3, 4, 0]
0.0 80 [0, 5, 1, 2, 3, 4, 0]
0.0 80 [0, 5, 1, 2, 3, 4, 0]
0.0 80 [0, 5, 1, 2, 3, 4, 0]
0.0009970664978027344 80 [0, 5, 1, 2, 3, 4, 0]
0.0 80 [0, 5, 1, 2, 3, 4, 0]
0.0 80 [0, 5, 1, 2, 3, 4, 0]
0.0 80 [0, 5, 1, 2, 3, 4, 0]
0.0009975433349609375 80 [0, 5, 1, 2, 3, 4, 0]
0.0 80 [0, 5, 1, 2, 3, 4, 0]
0.0 80 [0, 5, 1, 2, 3, 4, 0]
0.0 80 [0, 5, 1, 2, 3, 4, 0]
0.000997304916381836 80 [0, 5, 1, 2, 3, 4, 0]
0.0 80 [0, 5, 1, 2, 3, 4, 0]
0.0 80 [0, 5, 1, 2, 3, 4, 0]
0.0 80 [0, 5, 1, 2, 3, 4, 0]
0.0 80 [0, 5, 1, 2, 3, 4, 0]
0.0 80 [0, 5, 1, 2, 3, 4, 0]
0.0 80 [0, 5, 1, 2, 3, 4, 0]
0.0 80 [0, 5, 1, 2, 3, 4, 0]
0.0009968280792236328 80 [0, 5, 1, 2, 3, 4, 0]
0.0 80 [0, 5, 1, 2, 3, 4, 0]
0.0 80 [0, 5, 1, 2, 3, 4, 0]
0.0 80 [0, 5, 1, 2, 3, 4, 0]
0.000997304916381836 80 [0, 5, 1, 2, 3, 4, 0]
0.0 80 [0, 5, 1, 2, 3, 4, 0]
0.0 80 [0, 5, 1, 2, 3, 4, 0]
0.0 80 [0, 5, 1, 2, 3, 4, 0]
0.0 80 [0, 5, 1, 2, 3, 4, 0]
0.0 80 [0, 5, 1, 2, 3, 4, 0]
0.0 80 [0, 5, 1, 2, 3, 4, 0]
0.0 80 [0, 5, 1, 2, 3, 4, 0]
0.0009975433349609375 80 [0, 5, 1, 2, 3, 4, 0]
0.0 80 [0, 5, 1, 2, 3, 4, 0]
0.0009982585906982422 80 [0, 5, 1, 2, 3, 4, 0]
0.0 80 [0, 5, 1, 2, 3, 4, 0]
0.0 80 [0, 5, 1, 2, 3, 4, 0]
0.0 80 [0, 5, 1, 2, 3, 4, 0]
0.0 80 [0, 5, 1, 2, 3, 4, 0]
0.0 80 [0, 5, 1, 2, 3, 4, 0]
0.00099945068359375 80 [0, 5, 1, 2, 3, 4, 0]
0.0 80 [0, 5, 1, 2, 3, 4, 0]
0.0 80 [0, 5, 1, 2, 3, 4, 0]
0.0 80 [0, 5, 1, 2, 3, 4, 0]
0.0 80 [0, 5, 1, 2, 3, 4, 0]
0.0 80 [0, 5, 1, 2, 3, 4, 0]
0.0 80 [0, 5, 1, 2, 3, 4, 0]
0.0 80 [0, 5, 1, 2, 3, 4, 0]
0.0 80 [0, 5, 1, 2, 3, 4, 0]
0.0 80 [0, 5, 1, 2, 3, 4, 0]
0.0 80 [0, 5, 1, 2, 3, 4, 0]
0.0 80 [0, 5, 1, 2, 3, 4, 0]
0.0 80 [0, 5, 1, 2, 3, 4, 0]
0.0 80 [0, 5, 1, 2, 3, 4, 0]
0.0 80 [0, 5, 1, 2, 3, 4, 0]
0.0 80 [0, 5, 1, 2, 3, 4, 0]
0.0 80 [0, 5, 1, 2, 3, 4, 0]
0.0 80 [0, 5, 1, 2, 3, 4, 0]
0.0 80 [0, 5, 1, 2, 3, 4, 0]
0.0009975433349609375 80 [0, 5, 1, 2, 3, 4, 0]
0.0 80 [0, 5, 1, 2, 3, 4, 0]
0.0 80 [0, 5, 1, 2, 3, 4, 0]
0.0 80 [0, 5, 1, 2, 3, 4, 0]
0.0 80 [0, 5, 1, 2, 3, 4, 0]
0.0 80 [0, 5, 1, 2, 3, 4, 0]
0.0 80 [0, 5, 1, 2, 3, 4, 0]
0.0 80 [0, 5, 1, 2, 3, 4, 0]
0.0 80 [0, 5, 1, 2, 3, 4, 0]
0.0009980201721191406 80 [0, 5, 1, 2, 3, 4, 0]
0.0 80 [0, 5, 1, 2, 3, 4, 0]
0.0 80 [0, 5, 1, 2, 3, 4, 0]
0.0 80 [0, 5, 1, 2, 3, 4, 0]
0.0 80 [0, 5, 1, 2, 3, 4, 0]
0.0 80 [0, 5, 1, 2, 3, 4, 0]
0.0 80 [0, 5, 1, 2, 3, 4, 0]
0.0 80 [0, 5, 1, 2, 3, 4, 0]
0.0009970664978027344 80 [0, 5, 1, 2, 3, 4, 0]
0.0 80 [0, 5, 1, 2, 3, 4, 0]
0.0 80 [0, 5, 1, 2, 3, 4, 0]
0.0 80 [0, 5, 1, 2, 3, 4, 0]
0.0009975433349609375 80 [0, 5, 1, 2, 3, 4, 0]
0.0 80 [0, 5, 1, 2, 3, 4, 0]
0.0 80 [0, 5, 1, 2, 3, 4, 0]
0.0 80 [0, 5, 1, 2, 3, 4, 0]
0.000997304916381836 80 [0, 5, 1, 2, 3, 4, 0]
0.0 80 [0, 5, 1, 2, 3, 4, 0]
0.0 80 [0, 5, 1, 2, 3, 4, 0]
0.0 80 [0, 5, 1, 2, 3, 4, 0]
0.0009975433349609375 80 [0, 5, 1, 2, 3, 4, 0]
0.0 80 [0, 5, 1, 2, 3, 4, 0]
0.0 80 [0, 5, 1, 2, 3, 4, 0]
0.0 80 [0, 5, 1, 2, 3, 4, 0]
0.000997304916381836 80 [0, 5, 1, 2, 3, 4, 0]
0.0 80 [0, 5, 1, 2, 3, 4, 0]
0.0 80 [0, 5, 1, 2, 3, 4, 0]
0.0009980201721191406 80 [0, 5, 1, 2, 3, 4, 0]
0.0 80 [0, 5, 1, 2, 3, 4, 0]
0.0 80 [0, 5, 1, 2, 3, 4, 0]
0.000997304916381836 80 [0, 5, 1, 2, 3, 4, 0]
0.0 80 [0, 5, 1, 2, 3, 4, 0]
0.0 80 [0, 5, 1, 2, 3, 4, 0]
0.0009975433349609375 80 [0, 5, 1, 2, 3, 4, 0]
0.0 80 [0, 5, 1, 2, 3, 4, 0]
0.0 80 [0, 5, 1, 2, 3, 4, 0]
0.0009999275207519531 80 [0, 5, 1, 2, 3, 4, 0]
0.0 80 [0, 5, 1, 2, 3, 4, 0]
0.0 80 [0, 5, 1, 2, 3, 4, 0]
0.0009937286376953125 80 [0, 5, 1, 2, 3, 4, 0]
0.0 80 [0, 5, 1, 2, 3, 4, 0]
0.0 80 [0, 5, 1, 2, 3, 4, 0]
0.0 80 [0, 5, 1, 2, 3, 4, 0]
0.000997304916381836 80 [0, 5, 1, 2, 3, 4, 0]
0.0 80 [0, 5, 1, 2, 3, 4, 0]
0.0 80 [0, 5, 1, 2, 3, 4, 0]
0.0 80 [0, 5, 1, 2, 3, 4, 0]
0.0009975433349609375 80 [0, 5, 1, 2, 3, 4, 0]
0.0 80 [0, 5, 1, 2, 3, 4, 0]
0.0 80 [0, 5, 1, 2, 3, 4, 0]
0.000997781753540039 80 [0, 5, 1, 2, 3, 4, 0]
0.0 80 [0, 5, 1, 2, 3, 4, 0]
0.0 80 [0, 5, 1, 2, 3, 4, 0]
0.0 80 [0, 5, 1, 2, 3, 4, 0]
0.0 80 [0, 5, 1, 2, 3, 4, 0]
0.0 80 [0, 5, 1, 2, 3, 4, 0]
0.0 80 [0, 5, 1, 2, 3, 4, 0]
0.0 80 [0, 5, 1, 2, 3, 4, 0]
0.0 80 [0, 5, 1, 2, 3, 4, 0]
0.0 80 [0, 5, 1, 2, 3, 4, 0]
0.0 80 [0, 5, 1, 2, 3, 4, 0]
0.0 80 [0, 5, 1, 2, 3, 4, 0]
0.0 80 [0, 5, 1, 2, 3, 4, 0]
0.0 80 [0, 5, 1, 2, 3, 4, 0]
0.0 80 [0, 5, 1, 2, 3, 4, 0]
0.0 80 [0, 5, 1, 2, 3, 4, 0]
0.0 80 [0, 5, 1, 2, 3, 4, 0]
0.0 80 [0, 5, 1, 2, 3, 4, 0]
Usredniony wynik pomiaru dla 1000 instancji: 0.0003141601085662842