0.6783080101013184 212 [0, 3, 4, 2, 8, 7, 6, 9, 1, 5, 0]
0.728778600692749 212 [0, 3, 4, 2, 8, 7, 6, 9, 1, 5, 0]
0.9957444667816162 212 [0, 3, 4, 2, 8, 7, 6, 9, 1, 5, 0]
0.7588019371032715 212 [0, 3, 4, 2, 8, 7, 6, 9, 1, 5, 0]
0.6088862419128418 212 [0, 3, 4, 2, 8, 7, 6, 9, 1, 5, 0]
0.658804178237915 212 [0, 3, 4, 2, 8, 7, 6, 9, 1, 5, 0]
0.5269875526428223 212 [0, 3, 4, 2, 8, 7, 6, 9, 1, 5, 0]
0.6092016696929932 212 [0, 3, 4, 2, 8, 7, 6, 9, 1, 5, 0]
0.7089416980743408 212 [0, 3, 4, 2, 8, 7, 6, 9, 1, 5, 0]
0.4807159900665283 212 [0, 3, 4, 2, 8, 7, 6, 9, 1, 5, 0]
Usredniony wynik pomiaru dla 10 instancji: 0.6757354736328125