716.4404320716858 269 [0, 10, 3, 5, 7, 9, 11, 2, 6, 4, 8, 1, 12, 0]
723.9643206596375 269 [0, 10, 3, 5, 7, 9, 11, 2, 6, 4, 8, 1, 12, 0]
745.7020049095154 269 [0, 10, 3, 5, 7, 9, 11, 2, 6, 4, 8, 1, 12, 0]
772.6078917980194 269 [0, 10, 3, 5, 7, 9, 11, 2, 6, 4, 8, 1, 12, 0]
740.114422082901 269 [0, 10, 3, 5, 7, 9, 11, 2, 6, 4, 8, 1, 12, 0]
771.6325767040253 269 [0, 10, 3, 5, 7, 9, 11, 2, 6, 4, 8, 1, 12, 0]
751.7096834182739 269 [0, 10, 3, 5, 7, 9, 11, 2, 6, 4, 8, 1, 12, 0]
766.5447883605957 269 [0, 10, 3, 5, 7, 9, 11, 2, 6, 4, 8, 1, 12, 0]
759.2810332775116 269 [0, 10, 3, 5, 7, 9, 11, 2, 6, 4, 8, 1, 12, 0]
715.052360534668 269 [0, 10, 3, 5, 7, 9, 11, 2, 6, 4, 8, 1, 12, 0]
Usredniony wynik pomiaru dla 10 instancji: 746.3049514
